# Created by Octave 5.2.0, Tue Mar 31 18:46:11 2020 GMT <unknown@LAPEP-02>
# name: v
# type: matrix
# rows: 5
# columns: 1
 0.053206422293958375
 0.64895368014206645
 0.24675454712246975
 0.68086804444966975
 0.6571470888875609


