# Created by Octave 5.2.0, Sun Mar 29 18:31:09 2020 GMT <unknown@DESKTOP-DMG7KJ9>
# name: v
# type: matrix
# rows: 5
# columns: 1
 0.55976190004809434
 0.35537738878049813
 0.23479002779374131
 0.080264318662410947
 0.30137354138009981


